<!DOCTYPE html>
<html lang="en">
<head>
<meta charset="utf-8"/>
<style>body{background-color:white;}</style>
<script src="z_equal_sqrtx_sqrt_y_range0_25_files/htmlwidgets-1.5.3/htmlwidgets.js"></script>
<script src="z_equal_sqrtx_sqrt_y_range0_25_files/plotly-binding-4.9.3/plotly.js"></script>
<script src="z_equal_sqrtx_sqrt_y_range0_25_files/mathjax-2.7.4/cdn.js"></script>
<script src="z_equal_sqrtx_sqrt_y_range0_25_files/typedarray-0.1/typedarray.min.js"></script>
<script src="z_equal_sqrtx_sqrt_y_range0_25_files/jquery-3.5.1/jquery.min.js"></script>
<link href="z_equal_sqrtx_sqrt_y_range0_25_files/crosstalk-1.1.1/css/crosstalk.css" rel="stylesheet" />
<script src="z_equal_sqrtx_sqrt_y_range0_25_files/crosstalk-1.1.1/js/crosstalk.min.js"></script>
<link href="z_equal_sqrtx_sqrt_y_range0_25_files/plotly-htmlwidgets-css-1.57.1/plotly-htmlwidgets.css" rel="stylesheet" />
<script src="z_equal_sqrtx_sqrt_y_range0_25_files/plotly-main-1.57.1/plotly-latest.min.js"></script>
  <title>plotly</title>
</head>
<body>
<div id="htmlwidget_container">
  <div id="htmlwidget-b573e3516d82ca10e94f" style="width:100%;height:400px;" class="plotly html-widget"></div>
</div>
<script type="application/json" data-for="htmlwidget-b573e3516d82ca10e94f">{"x":{"visdat":{"d7a7260b4cb":["function () ","plotlyVisDat"]},"cur_data":"d7a7260b4cb","attrs":{"d7a7260b4cb":{"showscale":false,"alpha_stroke":1,"sizes":[10,100],"spans":[1,20],"z":[[0,0,0,0,0,0,0,0,0,0,0,0,0,0,0,0,0,0,0,0,0,0,0,0,0,0,0,0,0,0,0,0,0,0,0,0,0,0,0,0,0,0,0,0,0,0,0,0,0,0,0,0,0,0,0,0,0,0,0,0,0,0,0,0,0,0,0,0,0,0,0,0,0,0,0,0,0,0,0,0,0,0,0,0,0,0,0,0,0,0,0,0,0,0,0,0,0,0,0,0,0],[0,0.25,0.353553390593274,0.433012701892219,0.5,0.559016994374947,0.612372435695794,0.661437827766148,0.707106781186548,0.75,0.790569415042095,0.82915619758885,0.866025403784439,0.901387818865997,0.935414346693485,0.968245836551854,1,1.03077640640442,1.06066017177982,1.08972473588517,1.11803398874989,1.14564392373896,1.17260393995586,1.19895788082818,1.22474487139159,1.25,1.2747548783982,1.29903810567666,1.3228756555323,1.34629120178363,1.36930639376292,1.39194109070751,1.4142135623731,1.43614066163451,1.45773797371133,1.4790199457749,1.5,1.52069063257455,1.54110350074224,1.5612494995996,1.58113883008419,1.60078105935821,1.62018517460197,1.6393596310755,1.6583123951777,1.67705098312484,1.69558249578132,1.71391365010026,1.73205080756888,1.75,1.76776695296637,1.78535710713571,1.80277563773199,1.82002747232013,1.83711730708738,1.85404962177392,1.87082869338697,1.88745860881769,1.90394327646598,1.92028643696715,1.93649167310371,1.95256241897666,1.96850196850295,1.98431348329844,2,2.01556443707464,2.03100960115899,2.04633819296811,2.06155281280883,2.07665596572952,2.09165006633519,2.10653744329409,2.12132034355964,2.13600093632938,2.15058131676066,2.1650635094611,2.17944947177034,2.19374109684803,2.20794021658196,2.2220486043289,2.23606797749979,2.25,2.26384628453435,2.27760839478607,2.29128784747792,2.30488611432322,2.31840462387393,2.3318447632722,2.34520787991171,2.35849528301415,2.37170824512628,2.38484800354236,2.39791576165636,2.41091269024824,2.42383992870816,2.43669858620224,2.44948974278318,2.46221445044903,2.47487373415292,2.48746859276655,2.5],[0,0.353553390593274,0.5,0.612372435695795,0.707106781186548,0.790569415042095,0.866025403784439,0.935414346693485,1,1.06066017177982,1.11803398874989,1.17260393995586,1.22474487139159,1.2747548783982,1.3228756555323,1.36930639376292,1.4142135623731,1.45773797371133,1.5,1.54110350074224,1.58113883008419,1.62018517460197,1.6583123951777,1.69558249578132,1.73205080756888,1.76776695296637,1.80277563773199,1.83711730708738,1.87082869338697,1.90394327646598,1.93649167310371,1.96850196850295,2,2.03100960115899,2.06155281280883,2.09165006633519,2.12132034355964,2.15058131676066,2.17944947177034,2.20794021658196,2.23606797749979,2.26384628453435,2.29128784747792,2.31840462387393,2.34520787991171,2.37170824512628,2.39791576165636,2.42383992870816,2.44948974278318,2.47487373415292,2.5,2.52487623459052,2.54950975679639,2.57390753524675,2.59807621135332,2.62202212042538,2.64575131106459,2.66926956300783,2.69258240356725,2.71569512280005,2.73861278752583,2.76134025429682,2.78388218141501,2.80624304008046,2.82842712474619,2.85043856274784,2.87228132326901,2.89395922569756,2.91547594742265,2.93683503111768,2.95803989154981,2.97909382195325,3,3.02076149339864,3.04138126514911,3.06186217847897,3.08220700148449,3.10241841149771,3.1224989991992,3.14245127249413,3.16227766016838,3.18198051533946,3.20156211871642,3.22102468168128,3.24037034920393,3.25960120260132,3.278719262151,3.29772648956823,3.3166247903554,3.33541601603158,3.35410196624968,3.37268439080801,3.39116499156263,3.40954542424646,3.42782730020052,3.44601218802256,3.46410161513775,3.48209706929603,3.5,3.51781181986757,3.53553390593274],[0,0.433012701892219,0.612372435695795,0.75,0.866025403784439,0.968245836551854,1.06066017177982,1.14564392373896,1.22474487139159,1.29903810567666,1.36930639376292,1.43614066163451,1.5,1.5612494995996,1.62018517460196,1.67705098312484,1.73205080756888,1.78535710713571,1.83711730708738,1.88745860881769,1.93649167310371,1.98431348329844,2.03100960115899,2.07665596572952,2.12132034355964,2.1650635094611,2.20794021658196,2.25,2.29128784747792,2.3318447632722,2.37170824512628,2.41091269024824,2.44948974278318,2.48746859276655,2.52487623459052,2.5617376914899,2.59807621135332,2.63391343821318,2.66926956300783,2.70416345659799,2.73861278752583,2.77263412660235,2.80624304008046,2.83945417290014,2.87228132326901,2.90473750965556,2.93683503111768,2.96858552175948,3,3.03108891324554,3.06186217847897,3.09232921921325,3.1224989991992,3.15238005322962,3.18198051533946,3.21130814466628,3.24037034920393,3.2691742076555,3.29772648956823,3.32603367391252,3.35410196624968,3.38193731461717,3.40954542424646,3.43693177121688,3.46410161513775,3.49106001094223,3.51781181986757,3.54436171968946,3.57071421427142,3.59687364248454,3.62284418654736,3.64862987983161,3.67423461417477,3.69966214673719,3.72491610643783,3.75,3.77491721763537,3.79967103839267,3.82426463519459,3.84870107958516,3.87298334620742,3.89711431702997,3.92109678533953,3.94493345951487,3.96862696659689,3.99217985566783,4.01559460105225,4.03887360535088,4.06201920231798,4.08503365959205,4.10791918128875,4.13067791046458,4.15331193145904,4.17582327212252,4.19821390593667,4.22048575403353,4.24264068711928,4.26468052730799,4.28660704987056,4.30842198490352,4.33012701892219],[0,0.5,0.707106781186548,0.866025403784439,1,1.11803398874989,1.22474487139159,1.3228756555323,1.4142135623731,1.5,1.58113883008419,1.6583123951777,1.73205080756888,1.80277563773199,1.87082869338697,1.93649167310371,2,2.06155281280883,2.12132034355964,2.17944947177034,2.23606797749979,2.29128784747792,2.34520787991171,2.39791576165636,2.44948974278318,2.5,2.54950975679639,2.59807621135332,2.64575131106459,2.69258240356725,2.73861278752583,2.78388218141501,2.82842712474619,2.87228132326901,2.91547594742265,2.95803989154981,3,3.04138126514911,3.08220700148449,3.1224989991992,3.16227766016838,3.20156211871642,3.24037034920393,3.278719262151,3.3166247903554,3.35410196624968,3.39116499156263,3.42782730020052,3.46410161513775,3.5,3.53553390593274,3.57071421427143,3.60555127546399,3.64005494464026,3.67423461417477,3.70809924354783,3.74165738677394,3.77491721763537,3.80788655293195,3.8405728739343,3.87298334620742,3.90512483795333,3.93700393700591,3.96862696659689,4,4.03112887414927,4.06201920231798,4.09267638593623,4.12310562561766,4.15331193145904,4.18330013267038,4.21307488658818,4.24264068711928,4.27200187265877,4.30116263352131,4.33012701892219,4.35889894354067,4.38748219369606,4.41588043316392,4.44409720865779,4.47213595499958,4.5,4.52769256906871,4.55521678957215,4.58257569495584,4.60977222864644,4.63680924774785,4.66368952654441,4.69041575982343,4.7169905660283,4.74341649025257,4.76969600708473,4.79583152331272,4.82182538049648,4.84767985741633,4.87339717240448,4.89897948556636,4.92442890089805,4.94974746830583,4.9749371855331,5],[0,0.559016994374947,0.790569415042095,0.968245836551854,1.11803398874989,1.25,1.36930639376292,1.4790199457749,1.58113883008419,1.67705098312484,1.76776695296637,1.85404962177392,1.93649167310371,2.01556443707464,2.09165006633519,2.1650635094611,2.23606797749979,2.30488611432322,2.37170824512628,2.43669858620224,2.5,2.5617376914899,2.62202212042538,2.6809513236909,2.73861278752583,2.79508497187474,2.85043856274784,2.90473750965556,2.95803989154981,3.01039864469807,3.06186217847897,3.11247489949718,3.16227766016838,3.21130814466628,3.25960120260132,3.30718913883074,3.35410196624968,3.40036762718386,3.44601218802256,3.49106001094224,3.53553390593274,3.57945526581909,3.62284418654736,3.66571957465379,3.70809924354783,3.75,3.79143772202578,3.83242742918897,3.87298334620742,3.91311896062463,3.95284707521047,3.99217985566783,4.03112887414927,4.06970514902493,4.10791918128875,4.14578098794425,4.18330013267038,4.22048575403353,4.2573465914816,4.29389100932942,4.33012701892219,4.36606229914324,4.40170421541475,4.43705983732471,4.47213595499958,4.50693909432999,4.54147553114624,4.57575130443078,4.60977222864644,4.64354390525168,4.67707173346743,4.71036092035419,4.74341649025257,4.7762432936357,4.80884601541784,4.84122918275927,4.87339717240448,4.90535421758715,4.93710441453288,4.96865172858795,5,5.03115294937453,5.06211418282915,5.09288719686584,5.1234753829798,5.15388203202208,5.18411033833193,5.21416340365355,5.24404424085076,5.27375577743225,5.30330085889911,5.33268225192539,5.3619026473818,5.39096466321196,5.4198708471697,5.44862367942584,5.47722557505166,5.50567888638631,5.53398590529466,5.56214886532175,5.59016994374947],[0,0.612372435695794,0.866025403784439,1.06066017177982,1.22474487139159,1.36930639376292,1.5,1.62018517460197,1.73205080756888,1.83711730708738,1.93649167310371,2.03100960115899,2.12132034355964,2.20794021658196,2.29128784747792,2.37170824512628,2.44948974278318,2.52487623459052,2.59807621135332,2.66926956300783,2.73861278752583,2.80624304008046,2.87228132326901,2.93683503111768,3,3.06186217847897,3.1224989991992,3.18198051533946,3.24037034920393,3.29772648956823,3.35410196624968,3.40954542424646,3.46410161513775,3.51781181986757,3.57071421427142,3.62284418654736,3.67423461417477,3.72491610643783,3.77491721763537,3.82426463519459,3.87298334620742,3.92109678533953,3.96862696659689,4.01559460105225,4.06201920231798,4.10791918128875,4.15331193145904,4.19821390593667,4.24264068711928,4.28660704987056,4.33012701892219,4.37321392113398,4.41588043316392,4.45813862503175,4.5,4.54147553114624,4.58257569495584,4.62331050222673,4.66368952654441,4.70372193055669,4.74341649025257,4.78278161742725,4.82182538049648,4.8605555238059,4.89897948556636,4.93710441453287,4.9749371855331,5.01248441394086,5.04975246918104,5.08674748734395,5.1234753829798,5.15994186013757,5.19615242270663,5.23211238411409,5.26782687642637,5.30330085889911,5.33853912601566,5.37354631505117,5.40832691319598,5.44288526426931,5.47722557505166,5.51135192126215,5.54526825320471,5.57897840110535,5.61248608016091,5.64579489531811,5.67890834580027,5.71182982939793,5.74456264653803,5.77711000414567,5.80947501931113,5.84166072277396,5.87367006223536,5.90550590550886,5.93717104351896,5.96866819315666,6,6.03116904090741,6.06217782649107,6.09302880347697,6.12372435695795],[0,0.661437827766148,0.935414346693485,1.14564392373896,1.3228756555323,1.4790199457749,1.62018517460197,1.75,1.87082869338697,1.98431348329844,2.09165006633519,2.19374109684803,2.29128784747792,2.38484800354236,2.47487373415292,2.5617376914899,2.64575131106459,2.72717802865893,2.80624304008046,2.8831406486677,2.95803989154981,3.03108891324554,3.10241841149771,3.17214438511238,3.24037034920393,3.30718913883074,3.37268439080801,3.43693177121688,3.5,3.56195171219375,3.62284418654736,3.68272996566406,3.74165738677394,3.79967103839267,3.85681215513538,3.91311896062463,3.96862696659689,4.02336923485777,4.07737660757502,4.13067791046458,4.18330013267038,4.23526858652435,4.28660704987056,4.33733789322437,4.38748219369606,4.43705983732471,4.48608961123159,4.53458928680426,4.58257569495584,4.63006479436303,4.67707173346743,4.7236109069228,4.76969600708473,4.81534007106456,4.8605555238059,4.90535421758715,4.94974746830583,4.99374608885955,5.03736041990247,5.08060035822539,5.1234753829798,5.16599457994296,5.20816666399991,5.25,5.29150262212918,5.33268225192539,5.37354631505117,5.41410195692693,5.45435605731786,5.49431524395898,5.53398590529466,5.57337420240199,5.61248608016091,5.65132727772866,5.68990333837052,5.7282196186948,5.7662812973354,5.80409338312195,5.84166072277396,5.87898800815242,5.91607978309962,5.95294044989533,5.98957427535547,6.02598539659698,6.06217782649107,6.09815545882523,6.13392207319265,6.16948133962653,6.20483682299543,6.23999198717434,6.27495019900557,6.30971473206198,6.34428877022476,6.37867541108654,6.41287766919033,6.44689847911381,6.48074069840786,6.51440711039769,6.5479004268544,6.58122329054409,6.61437827766148],[0,0.707106781186548,1,1.22474487139159,1.4142135623731,1.58113883008419,1.73205080756888,1.87082869338697,2,2.12132034355964,2.23606797749979,2.34520787991171,2.44948974278318,2.54950975679639,2.64575131106459,2.73861278752583,2.82842712474619,2.91547594742265,3,3.08220700148449,3.16227766016838,3.24037034920393,3.3166247903554,3.39116499156263,3.46410161513775,3.53553390593274,3.60555127546399,3.67423461417477,3.74165738677394,3.80788655293195,3.87298334620742,3.93700393700591,4,4.06201920231798,4.12310562561766,4.18330013267038,4.24264068711929,4.30116263352131,4.35889894354067,4.41588043316392,4.47213595499958,4.52769256906871,4.58257569495584,4.63680924774785,4.69041575982343,4.74341649025257,4.79583152331272,4.84767985741633,4.89897948556636,4.94974746830583,5,5.04975246918104,5.09901951359279,5.1478150704935,5.19615242270663,5.24404424085076,5.29150262212918,5.33853912601566,5.3851648071345,5.43139024560011,5.47722557505166,5.52268050859363,5.56776436283002,5.61248608016091,5.65685424949238,5.70087712549569,5.74456264653803,5.78791845139511,5.8309518948453,5.87367006223537,5.91607978309962,5.95818764390649,6,6.04152298679729,6.08276253029822,6.12372435695795,6.16441400296898,6.20483682299543,6.2449979983984,6.28490254498827,6.32455532033676,6.36396103067893,6.40312423743285,6.44204936336256,6.48074069840786,6.51920240520265,6.557438524302,6.59545297913646,6.6332495807108,6.67083203206317,6.70820393249937,6.74536878161602,6.78232998312527,6.81909084849293,6.85565460040104,6.89202437604511,6.92820323027551,6.96419413859206,7,7.03562363973515,7.07106781186548],[0,0.75,1.06066017177982,1.29903810567666,1.5,1.67705098312484,1.83711730708738,1.98431348329844,2.12132034355964,2.25,2.37170824512628,2.48746859276655,2.59807621135332,2.70416345659799,2.80624304008046,2.90473750965556,3,3.09232921921325,3.18198051533946,3.26917420765551,3.35410196624968,3.43693177121688,3.51781181986757,3.59687364248454,3.67423461417477,3.75,3.82426463519459,3.89711431702997,3.96862696659689,4.03887360535088,4.10791918128875,4.17582327212252,4.24264068711929,4.30842198490352,4.37321392113398,4.43705983732471,4.5,4.56207189772366,4.62331050222673,4.6837484987988,4.74341649025257,4.80234317807464,4.8605555238059,4.9180788932265,4.9749371855331,5.03115294937453,5.08674748734395,5.14174095030078,5.19615242270663,5.25,5.30330085889911,5.35607132140714,5.40832691319598,5.46008241696039,5.51135192126215,5.56214886532175,5.61248608016091,5.66237582645306,5.71182982939793,5.76085931090146,5.80947501931113,5.85768725692999,5.90550590550886,5.95294044989533,6,6.04669331122391,6.09302880347697,6.13901457890434,6.18465843842649,6.22996789718856,6.27495019900557,6.31961232988227,6.36396103067893,6.40800280898815,6.45174395028197,6.49519052838329,6.53834841531101,6.58122329054409,6.62382064974589,6.66614581298669,6.70820393249937,6.75,6.79153885360306,6.83282518435822,6.87386354243376,6.91465834296967,6.95521387162178,6.99553428981661,7.03562363973514,7.07548584904245,7.11512473537885,7.15454401062709,7.19374728496908,7.23273807074472,7.27151978612449,7.31009575860672,7.34846922834953,7.38664335134708,7.42462120245875,7.46240577829965,7.5],[0,0.790569415042095,1.11803398874989,1.36930639376292,1.58113883008419,1.76776695296637,1.93649167310371,2.09165006633519,2.23606797749979,2.37170824512628,2.5,2.62202212042538,2.73861278752583,2.85043856274784,2.95803989154981,3.06186217847897,3.16227766016838,3.25960120260132,3.35410196624968,3.44601218802256,3.53553390593274,3.62284418654736,3.70809924354783,3.79143772202578,3.87298334620742,3.95284707521047,4.03112887414927,4.10791918128875,4.18330013267038,4.2573465914816,4.33012701892219,4.40170421541475,4.47213595499958,4.54147553114624,4.60977222864644,4.67707173346743,4.74341649025257,4.80884601541784,4.87339717240448,4.93710441453288,5,5.06211418282915,5.1234753829798,5.18411033833193,5.24404424085076,5.30330085889911,5.3619026473818,5.4198708471697,5.47722557505166,5.53398590529466,5.59016994374947,5.64579489531811,5.70087712549569,5.75543221661067,5.80947501931113,5.86301969977929,5.91607978309962,5.96866819315666,6.02079728939615,6.07247890074556,6.12372435695795,6.17454451761423,6.22494979899437,6.27495019900557,6.32455532033676,6.37377439199098,6.42261628933257,6.47108955277239,6.51920240520265,6.56696276828185,6.61437827766148,6.66145629723711,6.70820393249937,6.75462804305315,6.80073525436772,6.84653196881458,6.89202437604511,6.9372184627558,6.98212002188447,7.0267346612776,7.07106781186548,7.11512473537885,7.15891053163818,7.20243014544397,7.24568837309472,7.28868986855663,7.33143914930759,7.37394060187631,7.41619848709566,7.45821694508815,7.5,7.54155156449918,7.58287544405155,7.62397534098845,7.66485485837795,7.70551750371122,7.74596669241483,7.78620575119872,7.82623792124926,7.86606636127614,7.90569415042095],[0,0.82915619758885,1.17260393995586,1.43614066163451,1.6583123951777,1.85404962177392,2.03100960115899,2.19374109684803,2.34520787991171,2.48746859276655,2.62202212042538,2.75,2.87228132326901,2.98956518577535,3.10241841149771,3.21130814466628,3.3166247903554,3.41869858279434,3.51781181986757,3.61420807370024,3.70809924354783,3.79967103839267,3.88908729652601,3.97649343014672,4.06201920231798,4.14578098794425,4.22788363132194,4.30842198490352,4.38748219369606,4.46514277487294,4.54147553114624,4.61654632815485,4.69041575982343,4.76313972081441,4.83476990145343,4.90535421758715,4.9749371855331,5.043560250458,5.11126207506522,5.178078794302,5.24404424085076,5.30919014539883,5.37354631505117,5.43714079273289,5.5,5.56214886532175,5.623610939601,5.68440850045104,5.74456264653803,5.80409338312195,5.86301969977929,5.92135964116351,5.9791303715507,6.03634823382482,6.09302880347697,6.14918693812442,6.20483682299543,6.25999201277446,6.31466547015754,6.3688696014285,6.42261628933256,6.47591692349431,6.5287824286003,6.58122329054409,6.6332495807108,6.68487097856047,6.73609679265374,6.78693598024911,6.83739716558867,6.88748865697795,6.9372184627558,6.98659430624106,7.03562363973514,7.08431365765238,7.13267130884355,7.18070330817254,7.22841614740048,7.27581610542762,7.32290925793841,7.36970148649184,7.41619848709566,7.46240577829965,7.5083287088406,7.55397246486906,7.59934207678533,7.64444242571033,7.68927824961485,7.73385414912901,7.77817459305202,7.82224392358101,7.86606636127614,7.90964600977819,7.95298686029343,7.99609279585974,8.03896759540676,8.08161493762231,8.12403840463596,8.16624148553054,8.208227579691,8.25,8.2915619758885],[0,0.866025403784439,1.22474487139159,1.5,1.73205080756888,1.93649167310371,2.12132034355964,2.29128784747792,2.44948974278318,2.59807621135332,2.73861278752583,2.87228132326901,3,3.1224989991992,3.24037034920393,3.35410196624968,3.46410161513775,3.57071421427142,3.67423461417477,3.77491721763537,3.87298334620742,3.96862696659689,4.06201920231798,4.15331193145904,4.24264068711928,4.33012701892219,4.41588043316392,4.5,4.58257569495584,4.66368952654441,4.74341649025257,4.82182538049648,4.89897948556636,4.9749371855331,5.04975246918104,5.1234753829798,5.19615242270663,5.26782687642637,5.33853912601565,5.40832691319598,5.47722557505166,5.54526825320471,5.61248608016091,5.67890834580027,5.74456264653803,5.80947501931113,5.87367006223537,5.93717104351896,6,6.06217782649107,6.12372435695795,6.18465843842649,6.2449979983984,6.30476010645924,6.36396103067893,6.42261628933256,6.48074069840786,6.53834841531101,6.59545297913646,6.65206734782503,6.70820393249937,6.76387462923434,6.81909084849293,6.87386354243376,6.92820323027551,6.98212002188447,7.03562363973514,7.08872343937891,7.14142842854285,7.19374728496908,7.24568837309472,7.29725975966321,7.34846922834953,7.39932429347437,7.44983221287567,7.5,7.54983443527075,7.59934207678533,7.64852927038918,7.69740215917033,7.74596669241483,7.79422863405995,7.84219357067906,7.88986691902975,7.93725393319377,7.98435971133566,8.03118920210451,8.07774721070176,8.12403840463596,8.1700673191841,8.21583836257749,8.26135582092915,8.30662386291807,8.35164654424503,8.39642781187333,8.44097150806707,8.48528137423857,8.52936105461599,8.57321409974112,8.61684396980704,8.66025403784439],[0,0.901387818865997,1.2747548783982,1.5612494995996,1.80277563773199,2.01556443707464,2.20794021658196,2.38484800354236,2.54950975679639,2.70416345659799,2.85043856274784,2.98956518577535,3.1224989991992,3.25,3.37268439080801,3.49106001094224,3.60555127546399,3.71651718682963,3.82426463519459,3.92905841137543,4.03112887414927,4.13067791046458,4.22788363132194,4.32290411644764,4.41588043316392,4.50693909432999,4.59619407771256,4.6837484987988,4.76969600708473,4.8541219597369,4.93710441453287,5.01871497497118,5.09901951359279,5.17807879430199,5.25594901040716,5.33268225192539,5.40832691319598,5.48292804986533,5.55652769272322,5.62916512459885,5.70087712549569,5.7716981903076,5.84166072277396,5.91079520876844,5.9791303715507,6.04669331122391,6.11350963031874,6.17960354715414,6.2449979983984,6.30971473206198,6.37377439199098,6.43719659479187,6.5,6.56220237420334,6.62382064974588,6.68487097856047,6.74536878161602,6.8053287944081,6.86476510887299,6.92369121206311,6.98212002188447,7.04006392016436,7.09753478328919,7.15454401062709,7.21110255092798,7.26722092687432,7.3229092579384,7.37817728168685,7.43303437365925,7.48748956593597,7.54155156449918,7.59522876548166,7.64852927038918,7.70146090037468,7.75403120963541,7.806247497998,7.85811682275086,7.90964600977819,7.96084166404533,8.01171017948103,8.06225774829855,8.11249036979398,8.16241385865725,8.21203385282842,8.26135582092915,8.31038506929733,8.35912674865024,8.40758586040012,8.45576726264388,8.50367567584747,8.55131568824353,8.59869176095992,8.64580823289529,8.69266932535685,8.73927914647427,8.78564169540279,8.83176086632785,8.87764045228235,8.92328414878737,8.96869555732605,9.01387818865997],[0,0.935414346693485,1.3228756555323,1.62018517460196,1.87082869338697,2.09165006633519,2.29128784747792,2.47487373415292,2.64575131106459,2.80624304008046,2.95803989154981,3.10241841149771,3.24037034920393,3.37268439080801,3.5,3.62284418654736,3.74165738677394,3.85681215513538,3.96862696659689,4.07737660757502,4.18330013267038,4.28660704987056,4.38748219369606,4.48608961123159,4.58257569495584,4.67707173346743,4.76969600708473,4.8605555238059,4.94974746830583,5.03736041990247,5.1234753829798,5.20816666399991,5.29150262212918,5.37354631505117,5.45435605731786,5.53398590529466,5.61248608016091,5.68990333837052,5.7662812973354,5.84166072277396,5.91607978309962,5.98957427535547,6.06217782649107,6.13392207319265,6.20483682299543,6.27495019900557,6.34428877022476,6.41287766919033,6.48074069840786,6.5479004268544,6.61437827766148,6.68019460794369,6.74536878161602,6.80991923593812,6.87386354243376,6.9372184627558,7,7.06222344591277,7.1239034243875,7.18505393159996,7.24568837309472,7.30581959810123,7.36545993132812,7.42462120245875,7.48331477354788,7.54155156449918,7.59934207678533,7.65669641555678,7.71362431027076,7.77013513396003,7.82623792124926,7.88194138521722,7.93725393319377,7.99218368157289,8.04673846971554,8.10092587300983,8.15475321515005,8.208227579691,8.26135582092915,8.31414457415794,8.36660026534076,8.41872912024137,8.47053717304871,8.52203027452966,8.57321409974112,8.62409415533017,8.67467578644874,8.72496418330757,8.77496438739212,8.82468129736139,8.87411967464942,8.92328414878737,8.97217922246318,9.02080927633436,9.06917857360853,9.11729126440523,9.16515138991168,9.21276288634414,9.26012958872607,9.30725523449314,9.35414346693485],[0,0.968245836551854,1.36930639376292,1.67705098312484,1.93649167310371,2.1650635094611,2.37170824512628,2.5617376914899,2.73861278752583,2.90473750965556,3.06186217847897,3.21130814466628,3.35410196624968,3.49106001094224,3.62284418654736,3.75,3.87298334620742,3.99217985566783,4.10791918128875,4.22048575403353,4.33012701892219,4.43705983732471,4.54147553114624,4.64354390525168,4.74341649025257,4.84122918275927,4.93710441453287,5.03115294937453,5.1234753829798,5.21416340365355,5.30330085889911,5.39096466321196,5.47722557505166,5.56214886532175,5.64579489531811,5.7282196186948,5.80947501931113,5.88960949469487,5.96866819315666,6.04669331122391,6.12372435695795,6.19979838381862,6.27495019900557,6.34921254960015,6.42261628933256,6.49519052838329,6.56696276828185,6.63795902367588,6.70820393249937,6.77772085586298,6.84653196881458,6.91465834296967,6.98212002188447,7.04893608993584,7.11512473537885,7.18070330817254,7.24568837309472,7.31009575860672,7.37394060187631,7.43723739032176,7.5,7.56224173112709,7.62397534098845,7.6852130744697,7.74596669241483,7.806247497998,7.86606636127614,7.92543374207368,7.98435971133566,8.04285397107271,8.10092587300983,8.15858443604036,8.21583836257749,8.27269605388715,8.32916562447884,8.38525491562421,8.44097150806707,8.49632273398321,8.55131568824354,8.60595723902925,8.66025403784439,8.71421252896669,8.76783895837509,8.82113938218868,8.87411967464942,8.92678553567856,8.97914249803399,9.03119593409422,9.08295106229248,9.13441295322255,9.18558653543692,9.23647660095558,9.28708781050335,9.33742469849155,9.38749167775929,9.43729304408844,9.48683298050514,9.53611556138033,9.58514475634041,9.63392443399885,9.68245836551854],[0,1,1.4142135623731,1.73205080756888,2,2.23606797749979,2.44948974278318,2.64575131106459,2.82842712474619,3,3.16227766016838,3.3166247903554,3.46410161513775,3.60555127546399,3.74165738677394,3.87298334620742,4,4.12310562561766,4.24264068711928,4.35889894354067,4.47213595499958,4.58257569495584,4.69041575982343,4.79583152331272,4.89897948556636,5,5.09901951359278,5.19615242270663,5.29150262212918,5.3851648071345,5.47722557505166,5.56776436283002,5.65685424949238,5.74456264653803,5.8309518948453,5.91607978309962,6,6.08276253029822,6.16441400296898,6.2449979983984,6.32455532033676,6.40312423743285,6.48074069840786,6.557438524302,6.6332495807108,6.70820393249937,6.78232998312527,6.85565460040104,6.92820323027551,7,7.07106781186548,7.14142842854285,7.21110255092798,7.28010988928052,7.34846922834953,7.41619848709566,7.48331477354788,7.54983443527075,7.61577310586391,7.68114574786861,7.74596669241483,7.81024967590665,7.87400787401181,7.93725393319377,8,8.06225774829855,8.12403840463596,8.18535277187245,8.24621125123532,8.30662386291807,8.36660026534076,8.42614977317636,8.48528137423857,8.54400374531753,8.60232526704263,8.66025403784439,8.71779788708135,8.77496438739212,8.83176086632785,8.88819441731559,8.94427190999916,9,9.05538513813742,9.1104335791443,9.16515138991168,9.21954445729289,9.2736184954957,9.32737905308882,9.38083151964686,9.4339811320566,9.48683298050514,9.53939201416946,9.59166304662544,9.64365076099295,9.69535971483266,9.74679434480896,9.79795897113271,9.8488578017961,9.89949493661167,9.9498743710662,10],[0,1.03077640640442,1.45773797371133,1.78535710713571,2.06155281280883,2.30488611432322,2.52487623459052,2.72717802865893,2.91547594742265,3.09232921921325,3.25960120260132,3.41869858279434,3.57071421427142,3.71651718682963,3.85681215513538,3.99217985566783,4.12310562561766,4.25,4.37321392113398,4.49305018890286,4.60977222864644,4.7236109069228,4.83476990145343,4.9434299833213,5.04975246918104,5.15388203202208,5.25594901040716,5.35607132140714,5.45435605731786,5.55090082779363,5.64579489531811,5.7391201416245,5.8309518948453,5.92135964116351,6.01040764008565,6.09815545882523,6.18465843842649,6.26996810199223,6.35413251356942,6.43719659479187,6.51920240520265,6.60018939122204,6.68019460794369,6.75925291729789,6.83739716558867,6.91465834296967,6.99106572705478,7.06664701255129,7.14142842854285,7.21543484483091,7.28868986855663,7.36121593216773,7.43303437365925,7.50416550990182,7.57462870377156,7.64444242571033,7.71362431027076,7.78219120813669,7.85015923405379,7.91754381105656,7.98435971133566,8.05062109405231,8.11634154037396,8.18153408597679,8.24621125123532,8.31038506929733,8.37406711222211,8.4372685153431,8.5,8.56227189477185,8.62409415533017,8.68547638302011,8.74642784226795,8.80695747690427,8.8670739254841,8.92678553567856,8.98610037780572,9.04502625756277,9.10357072801656,9.16174110090435,9.21954445729289,9.27698765763974,9.33407735129724,9.39081998549647,9.44722181384559,9.50328890437411,9.55902714715258,9.61444226151471,9.66953980290686,9.72432516938836,9.77880360780397,9.83298021964857,9.88685996664259,9.94044767603552,9.99374804565334,10.0467656487051,10.0995049383621,10.1519702521235,10.2041658159793,10.256095748383,10.3077640640442],[0,1.06066017177982,1.5,1.83711730708738,2.12132034355964,2.37170824512628,2.59807621135332,2.80624304008046,3,3.18198051533946,3.35410196624968,3.51781181986757,3.67423461417477,3.82426463519459,3.96862696659689,4.10791918128875,4.24264068711928,4.37321392113398,4.5,4.62331050222673,4.74341649025257,4.86055552380589,4.9749371855331,5.08674748734395,5.19615242270663,5.30330085889911,5.40832691319598,5.51135192126215,5.61248608016091,5.71182982939793,5.80947501931113,5.90550590550886,6,6.09302880347697,6.18465843842649,6.27495019900557,6.36396103067893,6.45174395028197,6.53834841531101,6.62382064974588,6.70820393249937,6.79153885360306,6.87386354243376,6.95521387162178,7.03562363973514,7.11512473537885,7.19374728496908,7.27151978612449,7.34846922834953,7.42462120245875,7.5,7.57462870377156,7.64852927038918,7.72172260574025,7.79422863405995,7.86606636127614,7.93725393319377,8.00780868902348,8.07774721070176,8.14708536840016,8.21583836257749,8.28402076289044,8.35164654424503,8.41872912024137,8.48528137423857,8.55131568824353,8.61684396980704,8.68187767709267,8.74642784226795,8.81050509335305,8.87411967464942,8.93728146585974,9,9.06228448019593,9.12414379544733,9.18558653543692,9.24662100445346,9.30725523449314,9.3674969975976,9.4273538174824,9.48683298050514,9.54594154601839,9.60468635614927,9.66307404504384,9.72111104761179,9.77880360780397,9.836157786453,9.89317946870469,9.9498743710662,10.0062480480947,10.0623058987491,10.118053172424,10.1734949746879,10.2286362727394,10.2834819006016,10.3380365640677,10.3923048454133,10.4462912078881,10.5,10.5534354596027,10.6066017177982],[0,1.08972473588517,1.54110350074224,1.88745860881769,2.17944947177034,2.43669858620224,2.66926956300783,2.8831406486677,3.08220700148449,3.26917420765551,3.44601218802256,3.61420807370024,3.77491721763537,3.92905841137543,4.07737660757502,4.22048575403353,4.35889894354067,4.49305018890286,4.62331050222673,4.75,4.87339717240448,4.99374608885955,5.11126207506522,5.22613624009172,5.33853912601566,5.44862367942584,5.55652769272322,5.66237582645306,5.7662812973354,5.86834729715275,5.96866819315666,6.0673305497558,6.16441400296898,6.25999201277446,6.35413251356942,6.44689847911381,6.53834841531101,6.62853679178143,6.7175144212722,6.8053287944081,6.89202437604511,6.97764286847643,7.06222344591277,7.14580296397823,7.22841614740048,7.31009575860672,7.39087274954724,7.47077639874197,7.54983443527075,7.62807315119618,7.70551750371122,7.78219120813669,7.85811682275086,7.93331582631122,8.00780868902348,8.08161493762231,8.15475321515005,8.22724133595217,8.29909633634892,8.3703345213916,8.44097150806707,8.5110222652746,8.58050115086526,8.6494219460031,8.71779788708135,8.78564169540279,8.85296560481289,8.91978138745564,8.98610037780572,9.05193349511584,9.11729126440524,9.18218383610348,9.24662100445346,9.31061222476804,9.37416662962634,9.43729304408844,9.5,9.56229574945264,9.62418827746008,9.68568531390526,9.74679434480896,9.80752262296652,9.86787717799528,9.92786482583239,9.98749217771909,10.0467656487051,10.1056914657039,10.1642756751281,10.2225241501304,10.280442597476,10.3380365640677,10.3953114431459,10.4522724801834,10.5089247784919,10.5652733045577,10.621322893124,10.6770782520313,10.7325439668328,10.7877245051957,10.8426242211007,10.8972473588517],[0,1.11803398874989,1.58113883008419,1.93649167310371,2.23606797749979,2.5,2.73861278752583,2.95803989154981,3.16227766016838,3.35410196624968,3.53553390593274,3.70809924354783,3.87298334620742,4.03112887414927,4.18330013267038,4.33012701892219,4.47213595499958,4.60977222864644,4.74341649025257,4.87339717240448,5,5.1234753829798,5.24404424085076,5.3619026473818,5.47722557505166,5.59016994374947,5.70087712549569,5.80947501931113,5.91607978309962,6.02079728939615,6.12372435695795,6.22494979899437,6.32455532033676,6.42261628933256,6.51920240520265,6.61437827766148,6.70820393249937,6.80073525436772,6.89202437604511,6.98212002188447,7.07106781186548,7.15891053163818,7.24568837309472,7.33143914930759,7.41619848709566,7.5,7.58287544405155,7.66485485837795,7.74596669241483,7.82623792124926,7.90569415042095,7.98435971133566,8.06225774829855,8.13941029804985,8.21583836257749,8.2915619758885,8.36660026534076,8.44097150806707,8.5146931829632,8.58778201865883,8.66025403784439,8.73212459828649,8.8034084308295,8.87411967464942,8.94427190999916,9.01387818865997,9.08295106229248,9.15150260886156,9.21954445729289,9.28708781050335,9.35414346693485,9.42072184070839,9.48683298050514,9.5524865872714,9.61769203083567,9.68245836551854,9.74679434480896,9.81070843517429,9.87420882906575,9.9373034571759,10,10.0623058987491,10.1242283656583,10.1857743937317,10.2469507659596,10.3077640640442,10.3682206766639,10.4283268073071,10.4880884817015,10.5475115548645,10.6066017177982,10.6653645038508,10.7238052947636,10.7819293264239,10.8397416943394,10.8972473588517,10.9544511501033,11.0113577727726,11.0679718105893,11.1242977306435,11.1803398874989],[0,1.14564392373896,1.62018517460197,1.98431348329844,2.29128784747792,2.5617376914899,2.80624304008046,3.03108891324554,3.24037034920393,3.43693177121688,3.62284418654736,3.79967103839267,3.96862696659689,4.13067791046458,4.28660704987056,4.43705983732471,4.58257569495584,4.7236109069228,4.86055552380589,4.99374608885955,5.1234753829798,5.25,5.37354631505117,5.49431524395898,5.61248608016091,5.7282196186948,5.84166072277396,5.95294044989533,6.06217782649107,6.16948133962653,6.27495019900557,6.37867541108654,6.48074069840786,6.58122329054409,6.68019460794369,6.77772085586298,6.87386354243376,6.96867993238318,7.06222344591277,7.15454401062709,7.24568837309472,7.3357003755606,7.42462120245875,7.51248960065836,7.59934207678533,7.6852130744697,7.77013513396003,7.8541390362025,7.93725393319377,8.01950746617272,8.10092587300982,8.18153408597679,8.26135582092915,8.34041365880614,8.41872912024137,8.49632273398321,8.57321409974112,8.6494219460031,8.72496418330757,8.79985795339902,8.87411967464942,8.94776508408664,9.02080927633436,9.09326673973661,9.16515138991168,9.23647660095558,9.30725523449314,9.37749966675553,9.44722181384559,9.51643315533714,9.58514475634041,9.65336728815391,9.72111104761179,9.78838597522594,9.85520167221351,9.92156741649221,9.98749217771909,10.0529846314416,10.118053172424,10.1827059272082,10.2469507659596,10.3107953136506,10.3742469606232,10.4373128725741,10.5,10.5623150871388,10.6242646804379,10.6858551365813,10.7470926301023,10.8079831606086,10.8685325596421,10.9287464971972,10.988630487918,11.0481898969922,11.1074299457615,11.1663557170636,11.2249721603218,11.2832840963968,11.3412962222138,11.399013115178,11.4564392373896],[0,1.17260393995586,1.6583123951777,2.03100960115899,2.34520787991171,2.62202212042538,2.87228132326901,3.10241841149771,3.3166247903554,3.51781181986757,3.70809924354783,3.88908729652601,4.06201920231798,4.22788363132194,4.38748219369606,4.54147553114624,4.69041575982343,4.83476990145343,4.9749371855331,5.11126207506522,5.24404424085076,5.37354631505117,5.5,5.623610939601,5.74456264653803,5.86301969977929,5.9791303715507,6.09302880347697,6.20483682299543,6.31466547015754,6.42261628933256,6.5287824286003,6.6332495807108,6.73609679265374,6.83739716558867,6.9372184627558,7.03562363973514,7.13267130884355,7.22841614740048,7.3229092579384,7.41619848709566,7.5083287088406,7.59934207678533,7.68927824961485,7.77817459305202,7.86606636127614,7.95298686029343,8.03896759540676,8.12403840463596,8.208227579691,8.2915619758885,8.37406711222211,8.45576726264388,8.53668553948194,8.61684396980704,8.69626356546304,8.77496438739212,8.85296560481289,8.93028554974588,9.00694176732591,9.08295106229248,9.1583295420071,9.23309265630969,9.30725523449314,9.38083151964686,9.45383520059452,9.52627944162883,9.59817691022623,9.66953980290686,9.74037986938908,9.81070843517429,9.88053642268475,9.9498743710662,10.0187324547569,10.087120500916,10.155048005795,10.2225241501304,10.2895578136283,10.356157588604,10.4223317928379,10.4880884817015,10.5534354596027,10.6183802907977,10.6829303096107,10.7470926301023,10.8108741552198,10.8742815854658,10.9373214271137,11,11.0623234449188,11.1242977306435,11.1859286605985,11.247221879202,11.3081828778986,11.3688170009021,11.4291294506625,11.4891252930761,11.5488094624511,11.6081867662439,11.667261889578,11.7260393995586],[0,1.19895788082818,1.69558249578132,2.07665596572952,2.39791576165636,2.6809513236909,2.93683503111768,3.17214438511238,3.39116499156263,3.59687364248454,3.79143772202578,3.97649343014672,4.15331193145904,4.32290411644764,4.48608961123159,4.64354390525168,4.79583152331272,4.9434299833213,5.08674748734395,5.22613624009172,5.3619026473818,5.49431524395898,5.623610939601,5.75,5.87367006223536,5.9947894041409,6.11350963031874,6.22996789718856,6.34428877022476,6.45658578507248,6.56696276828185,6.67551496140934,6.78232998312527,6.88748865697795,6.99106572705478,7.09313047955555,7.19374728496908,7.29297607290741,7.39087274954724,7.48748956593597,7.58287544405155,7.67707626639204,7.77013513396003,7.86209259675819,7.95298686029343,8.04285397107271,8.1317279836453,8.2196411113868,8.30662386291807,8.39270516579726,8.47791247890659,8.56227189477185,8.64580823289529,8.72854512504805,8.81050509335305,8.89170962188937,8.97217922246318,9.05193349511584,9.13099118387484,9.20937022819693,9.28708781050335,9.36416040016402,9.4406037942496,9.51643315533714,9.59166304662544,9.6663074645906,9.74037986938908,9.81389321319526,9.88685996664259,9.95929214352104,10.0312013238694,10.1025986755884,10.1734949746879,10.2439006242739,10.3138256723681,10.3832798286476,10.4522724801834,10.5208127062504,10.5889092922737,10.6565707429736,10.7238052947636,10.7906209274536,10.8570253753042,10.9230261374767,10.988630487918,11.0538454847171,11.1186779789685,11.1831346231725,11.247221879202,11.3109460258636,11.3743131660773,11.4373292336979,11.5,11.5623310798472,11.6243279375627,11.6859958925202,11.7473401244707,11.8083656786195,11.8690774704692,11.9294802904401,11.9895788082818],[0,1.22474487139159,1.73205080756888,2.12132034355964,2.44948974278318,2.73861278752583,3,3.24037034920393,3.46410161513775,3.67423461417477,3.87298334620742,4.06201920231798,4.24264068711928,4.41588043316392,4.58257569495584,4.74341649025257,4.89897948556636,5.04975246918104,5.19615242270663,5.33853912601566,5.47722557505166,5.61248608016091,5.74456264653803,5.87367006223536,6,6.12372435695795,6.2449979983984,6.36396103067893,6.48074069840786,6.59545297913646,6.70820393249937,6.81909084849293,6.92820323027551,7.03562363973514,7.14142842854285,7.24568837309472,7.34846922834953,7.44983221287567,7.54983443527075,7.64852927038918,7.74596669241483,7.84219357067906,7.93725393319377,8.03118920210451,8.12403840463596,8.21583836257749,8.30662386291807,8.39642781187333,8.48528137423857,8.57321409974112,8.660